0,2513,5036,7489,10056,12513,15094,17593,20156,22737,25272,27807,30290,32843,35390,37997,40562,43149,45684,48161,50628,53213,55732,58331,60812,63337,65790,68285,70846,73393,75886,78369,80826,83465,85956,88463,90988,93577,96146,98675,101318,103913,106444,109019,111516,114077,116648,119213,121812,124393,126960,129589,132136,134583,137120,139661,142160,144691,147226,149779,152406,154943,157510,160021,162588,165071,167584,170199,172764,175269,177788,180313,182876,185495,188052,190507,193054,195453,198046,200579,203144,205715,208218,210661,213112,215727,218218,220743,223238,225805,228346,230929,233516,236079,238648,241183,243664,246193,248710,251277
0.0,4767.0,4732.0,4882.0,4717.0,4832.0,4757.0,4850.0,4806.0,4819.0,4771.0,4777.0,4796.0,4872.0,4855.0,4811.0,4832.0,4751.0,4746.0,4781.0,4817.0,4776.0,4872.0,4749.0,4778.0,4754.0,4724.0,4813.0,4770.0,4784.0,4813.0,4714.0,4941.0,4813.0,4782.0,4783.0,4842.0,4849.0,4814.0,4875.0,4820.0,4809.0,4858.0,4831.0,4821.0,4884.0,4864.0,4882.0,4834.0,4834.0,4864.0,4776.0,4679.0,4806.0,4795.0,4745.0,4808.0,4829.0,4758.0,4922.0,4778.0,4808.0,4795.0,4797.0,4790.0,4796.0,4885.0,4819.0,4789.0,4754.0,4814.0,4821.0,4871.0,4804.0,4722.0,4813.0,4668.0,4808.0,4824.0,4804.0,4740.0,4815.0,4701.0,4757.0,4904.0,4814.0,4773.0,4791.0,4795.0,4837.0,4872.0,4845.0,4817.0,4811.0,4779.0,4747.0,4720.0,4819.0,4788.0,4791.0
4767.0,0.0,4666.0,4776.0,4759.0,4858.0,4731.0,4816.0,4812.0,4793.0,4816.0,4765.0,4788.0,4774.0,4818.0,4822.0,4866.0,4767.0,4709.0,4756.0,4846.0,4777.0,4858.0,4705.0,4766.0,4688.0,4782.0,4816.0,4767.0,4800.0,4818.0,4726.0,4867.0,4716.0,4692.0,4780.0,4848.0,4806.0,4740.0,4889.0,4821.0,4789.0,4847.0,4725.0,4792.0,4819.0,4779.0,4889.0,4800.0,4752.0,4857.0,4760.0,4704.0,4792.0,4715.0,4769.0,4828.0,4813.0,4793.0,4910.0,4822.0,4799.0,4784.0,4776.0,4722.0,4729.0,4875.0,4774.0,4773.0,4725.0,4804.0,4814.0,4839.0,4779.0,4739.0,4817.0,4641.0,4812.0,4717.0,4828.0,4816.0,4807.0,4714.0,4766.0,4828.0,4756.0,4750.0,4776.0,4789.0,4774.0,4843.0,4753.0,4864.0,4811.0,4811.0,4744.0,4749.0,4795.0,4843.0,4798.0
4732.0,4666.0,0.0,4780.0,4703.0,4805.0,4687.0,4756.0,4795.0,4777.0,4732.0,4659.0,4781.0,4789.0,4762.0,4741.0,4845.0,4715.0,4640.0,4688.0,4755.0,4682.0,4853.0,4700.0,4739.0,4674.0,4768.0,4725.0,4748.0,4668.0,4704.0,4641.0,4797.0,4652.0,4707.0,4716.0,4808.0,4739.0,4738.0,4874.0,4807.0,4767.0,4797.0,4681.0,4753.0,4740.0,4768.0,4779.0,4758.0,4745.0,4759.0,4745.0,4674.0,4730.0,4727.0,4691.0,4783.0,4731.0,4769.0,4829.0,4782.0,4778.0,4760.0,4744.0,4708.0,4703.0,4771.0,4756.0,4728.0,4726.0,4712.0,4745.0,4815.0,4763.0,4686.0,4754.0,4628.0,4814.0,4732.0,4785.0,4790.0,4758.0,4666.0,4727.0,4805.0,4692.0,4691.0,4705.0,4737.0,4765.0,4830.0,4773.0,4820.0,4765.0,4706.0,4689.0,4697.0,4715.0,4794.0,4777.0
4882.0,4776.0,4780.0,0.0,4823.0,4933.0,4851.0,4938.0,4933.0,4859.0,4855.0,4800.0,4910.0,4893.0,4901.0,4864.0,4893.0,4819.0,4750.0,4849.0,4863.0,4864.0,4963.0,4827.0,4853.0,4774.0,4879.0,4921.0,4880.0,4856.0,4890.0,4818.0,4943.0,4771.0,4800.0,4841.0,4959.0,4864.0,4892.0,5034.0,4939.0,4884.0,4901.0,4836.0,4881.0,4876.0,4913.0,4945.0,4894.0,4901.0,4946.0,4881.0,4776.0,4857.0,4905.0,4817.0,4892.0,4834.0,4870.0,4992.0,4881.0,4884.0,4890.0,4895.0,4795.0,4820.0,4934.0,4870.0,4867.0,4870.0,4887.0,4824.0,4950.0,4907.0,4796.0,4867.0,4740.0,4938.0,4851.0,4940.0,4927.0,4854.0,4758.0,4869.0,4914.0,4826.0,4861.0,4856.0,4866.0,4833.0,4985.0,4928.0,4932.0,4912.0,4868.0,4848.0,4896.0,4890.0,4926.0,4914.0
4717.0,4759.0,4703.0,4823.0,0.0,4749.0,4641.0,4719.0,4748.0,4745.0,4701.0,4648.0,4760.0,4718.0,4767.0,4779.0,4784.0,4691.0,4742.0,4688.0,4764.0,4705.0,4805.0,4673.0,4724.0,4610.0,4755.0,4723.0,4766.0,4692.0,4774.0,4674.0,4812.0,4699.0,4718.0,4676.0,4773.0,4726.0,4703.0,4873.0,4789.0,4695.0,4779.0,4711.0,4701.0,4743.0,4798.0,4749.0,4721.0,4781.0,4736.0,4751.0,4649.0,4705.0,4726.0,4681.0,4778.0,4758.0,4722.0,4775.0,4752.0,4782.0,4726.0,4756.0,4701.0,4754.0,4810.0,4784.0,4690.0,4647.0,4674.0,4751.0,4774.0,4713.0,4686.0,4714.0,4591.0,4779.0,4745.0,4775.0,4755.0,4637.0,4617.0,4766.0,4789.0,4707.0,4650.0,4667.0,4714.0,4714.0,4819.0,4773.0,4722.0,4715.0,4714.0,4661.0,4740.0,4696.0,4779.0,4794.0
4832.0,4858.0,4805.0,4933.0,4749.0,0.0,4775.0,4848.0,4914.0,4890.0,4829.0,4827.0,4871.0,4903.0,4889.0,4948.0,4927.0,4856.0,4896.0,4872.0,4891.0,4882.0,4836.0,4814.0,4887.0,4798.0,4809.0,4842.0,4901.0,4824.0,4858.0,4833.0,4954.0,4880.0,4832.0,4837.0,4959.0,4853.0,4845.0,4967.0,4934.0,4845.0,4891.0,4842.0,4860.0,4890.0,4922.0,4877.0,4825.0,4910.0,4900.0,4802.0,4718.0,4828.0,4893.0,4837.0,4922.0,4887.0,4837.0,4952.0,4770.0,4882.0,4872.0,4871.0,4779.0,4864.0,4986.0,4918.0,4860.0,4804.0,4824.0,4887.0,4971.0,4858.0,4773.0,4897.0,4698.0,4872.0,4865.0,4886.0,4874.0,4891.0,4768.0,4854.0,4880.0,4864.0,4830.0,4864.0,4890.0,4858.0,4935.0,4903.0,4858.0,4845.0,4872.0,4839.0,4836.0,4886.0,4901.0,4853.0
4757.0,4731.0,4687.0,4851.0,4641.0,4775.0,0.0,4741.0,4846.0,4796.0,4725.0,4657.0,4770.0,4743.0,4825.0,4793.0,4804.0,4760.0,4722.0,4733.0,4795.0,4698.0,4808.0,4742.0,4789.0,4697.0,4724.0,4755.0,4769.0,4696.0,4758.0,4715.0,4833.0,4712.0,4734.0,4728.0,4807.0,4748.0,4757.0,4860.0,4799.0,4746.0,4825.0,4715.0,4755.0,4771.0,4741.0,4818.0,4748.0,4766.0,4792.0,4762.0,4648.0,4752.0,4803.0,4747.0,4801.0,4758.0,4767.0,4782.0,4740.0,4771.0,4760.0,4799.0,4717.0,4783.0,4832.0,4783.0,4726.0,4744.0,4689.0,4743.0,4819.0,4786.0,4685.0,4705.0,4613.0,4861.0,4741.0,4782.0,4770.0,4695.0,4664.0,4752.0,4747.0,4747.0,4771.0,4717.0,4812.0,4720.0,4822.0,4816.0,4762.0,4775.0,4765.0,4740.0,4756.0,4708.0,4802.0,4809.0
4850.0,4816.0,4756.0,4938.0,4719.0,4848.0,4741.0,0.0,4871.0,4847.0,4807.0,4834.0,4841.0,4902.0,4905.0,4862.0,4892.0,4764.0,4796.0,4829.0,4892.0,4788.0,4873.0,4707.0,4793.0,4785.0,4785.0,4808.0,4808.0,4834.0,4825.0,4821.0,4875.0,4825.0,4774.0,4839.0,4909.0,4869.0,4828.0,4927.0,4885.0,4871.0,4900.0,4839.0,4868.0,4873.0,4845.0,4906.0,4848.0,4891.0,4883.0,4801.0,4752.0,4801.0,4799.0,4779.0,4916.0,4871.0,4838.0,4889.0,4850.0,4862.0,4856.0,4872.0,4786.0,4817.0,4927.0,4887.0,4827.0,4832.0,4832.0,4834.0,4926.0,4802.0,4802.0,4868.0,4698.0,4879.0,4835.0,4832.0,4878.0,4848.0,4696.0,4813.0,4843.0,4818.0,4769.0,4804.0,4838.0,4842.0,4935.0,4868.0,4867.0,4821.0,4857.0,4802.0,4820.0,4802.0,4874.0,4836.0
4806.0,4812.0,4795.0,4933.0,4748.0,4914.0,4846.0,4871.0,0.0,4869.0,4871.0,4847.0,4874.0,4823.0,4950.0,4922.0,4967.0,4860.0,4806.0,4804.0,4911.0,4802.0,4885.0,4802.0,4825.0,4774.0,4849.0,4834.0,4882.0,4844.0,4875.0,4756.0,4983.0,4837.0,4816.0,4817.0,4921.0,4850.0,4859.0,4952.0,4913.0,4870.0,4894.0,4865.0,4873.0,4918.0,4924.0,4934.0,4893.0,4888.0,4964.0,4833.0,4771.0,4796.0,4858.0,4847.0,4891.0,4890.0,4887.0,4930.0,4887.0,4905.0,4876.0,4876.0,4839.0,4853.0,4939.0,4890.0,4869.0,4851.0,4883.0,4888.0,4908.0,4858.0,4802.0,4852.0,4754.0,4907.0,4849.0,4874.0,4869.0,4842.0,4739.0,4859.0,4942.0,4866.0,4797.0,4830.0,4918.0,4878.0,4912.0,4967.0,4905.0,4861.0,4839.0,4823.0,4858.0,4825.0,4903.0,4863.0
4819.0,4793.0,4777.0,4859.0,4745.0,4890.0,4796.0,4847.0,4869.0,0.0,4846.0,4815.0,4876.0,4830.0,4877.0,4868.0,4870.0,4809.0,4791.0,4809.0,4833.0,4830.0,4940.0,4789.0,4798.0,4683.0,4806.0,4886.0,4798.0,4783.0,4859.0,4776.0,4875.0,4765.0,4781.0,4800.0,4818.0,4846.0,4772.0,4927.0,4888.0,4801.0,4900.0,4783.0,4891.0,4872.0,4856.0,4890.0,4878.0,4878.0,4885.0,4794.0,4739.0,4830.0,4840.0,4812.0,4822.0,4785.0,4825.0,4926.0,4839.0,4876.0,4807.0,4830.0,4767.0,4802.0,4891.0,4805.0,4801.0,4798.0,4764.0,4822.0,4888.0,4833.0,4734.0,4820.0,4718.0,4833.0,4791.0,4855.0,4817.0,4778.0,4720.0,4806.0,4898.0,4783.0,4781.0,4809.0,4806.0,4814.0,4922.0,4844.0,4800.0,4845.0,4831.0,4771.0,4777.0,4793.0,4906.0,4861.0
4771.0,4816.0,4732.0,4855.0,4701.0,4829.0,4725.0,4807.0,4871.0,4846.0,0.0,4732.0,4816.0,4836.0,4891.0,4787.0,4830.0,4780.0,4794.0,4810.0,4840.0,4759.0,4902.0,4780.0,4802.0,4779.0,4818.0,4836.0,4829.0,4783.0,4800.0,4757.0,4869.0,4799.0,4761.0,4794.0,4879.0,4833.0,4794.0,4975.0,4853.0,4858.0,4874.0,4806.0,4820.0,4823.0,4794.0,4877.0,4743.0,4822.0,4830.0,4805.0,4721.0,4741.0,4804.0,4737.0,4879.0,4821.0,4829.0,4890.0,4830.0,4818.0,4831.0,4865.0,4772.0,4841.0,4856.0,4895.0,4804.0,4782.0,4814.0,4812.0,4874.0,4821.0,4719.0,4835.0,4718.0,4905.0,4868.0,4864.0,4806.0,4807.0,4719.0,4784.0,4873.0,4706.0,4781.0,4736.0,4796.0,4806.0,4930.0,4890.0,4816.0,4806.0,4809.0,4724.0,4829.0,4823.0,4859.0,4856.0
4777.0,4765.0,4659.0,4800.0,4648.0,4827.0,4657.0,4834.0,4847.0,4815.0,4732.0,0.0,4729.0,4769.0,4827.0,4796.0,4825.0,4779.0,4743.0,4683.0,4776.0,4749.0,4831.0,4767.0,4778.0,4733.0,4756.0,4748.0,4768.0,4697.0,4781.0,4700.0,4898.0,4721.0,4735.0,4753.0,4833.0,4788.0,4754.0,4902.0,4810.0,4760.0,4835.0,4767.0,4800.0,4793.0,4779.0,4848.0,4719.0,4743.0,4798.0,4757.0,4703.0,4751.0,4772.0,4768.0,4828.0,4746.0,4775.0,4908.0,4806.0,4756.0,4764.0,4840.0,4739.0,4732.0,4810.0,4790.0,4775.0,4699.0,4729.0,4771.0,4888.0,4762.0,4663.0,4717.0,4702.0,4874.0,4789.0,4839.0,4797.0,4712.0,4706.0,4776.0,4867.0,4753.0,4732.0,4744.0,4746.0,4768.0,4861.0,4799.0,4768.0,4812.0,4715.0,4704.0,4734.0,4768.0,4821.0,4855.0
4796.0,4788.0,4781.0,4910.0,4760.0,4871.0,4770.0,4841.0,4874.0,4876.0,4816.0,4729.0,0.0,4864.0,4886.0,4897.0,4924.0,4829.0,4819.0,4770.0,4866.0,4769.0,4891.0,4758.0,4794.0,4780.0,4792.0,4801.0,4834.0,4820.0,4808.0,4731.0,4928.0,4837.0,4778.0,4828.0,4933.0,4886.0,4758.0,4868.0,4820.0,4850.0,4898.0,4803.0,4853.0,4886.0,4808.0,4907.0,4828.0,4840.0,4873.0,4813.0,4735.0,4813.0,4862.0,4854.0,4873.0,4860.0,4826.0,4960.0,4840.0,4827.0,4802.0,4873.0,4780.0,4793.0,4909.0,4889.0,4800.0,4803.0,4794.0,4842.0,4913.0,4813.0,4742.0,4826.0,4708.0,4915.0,4796.0,4844.0,4852.0,4854.0,4759.0,4769.0,4893.0,4819.0,4805.0,4778.0,4839.0,4881.0,4886.0,4853.0,4864.0,4847.0,4823.0,4780.0,4782.0,4847.0,4865.0,4847.0
4872.0,4774.0,4789.0,4893.0,4718.0,4903.0,4743.0,4902.0,4823.0,4830.0,4836.0,4769.0,4864.0,0.0,4835.0,4927.0,4885.0,4848.0,4775.0,4696.0,4840.0,4752.0,4886.0,4826.0,4785.0,4757.0,4797.0,4900.0,4873.0,4790.0,4841.0,4732.0,4925.0,4741.0,4781.0,4761.0,4884.0,4789.0,4794.0,4963.0,4901.0,4850.0,4872.0,4754.0,4790.0,4828.0,4836.0,4875.0,4896.0,4874.0,4852.0,4805.0,4728.0,4766.0,4883.0,4808.0,4829.0,4821.0,4857.0,4893.0,4858.0,4908.0,4815.0,4863.0,4810.0,4833.0,4873.0,4806.0,4783.0,4830.0,4791.0,4821.0,4871.0,4831.0,4757.0,4825.0,4718.0,4890.0,4803.0,4867.0,4860.0,4765.0,4740.0,4853.0,4892.0,4795.0,4807.0,4776.0,4849.0,4805.0,4837.0,4864.0,4816.0,4875.0,4818.0,4792.0,4835.0,4812.0,4867.0,4867.0
4855.0,4818.0,4762.0,4901.0,4767.0,4889.0,4825.0,4905.0,4950.0,4877.0,4891.0,4827.0,4886.0,4835.0,0.0,4925.0,4955.0,4871.0,4860.0,4771.0,4840.0,4833.0,4941.0,4809.0,4851.0,4707.0,4770.0,4914.0,4890.0,4795.0,4826.0,4774.0,4915.0,4837.0,4826.0,4834.0,4974.0,4834.0,4859.0,4965.0,4932.0,4874.0,4900.0,4807.0,4871.0,4896.0,4907.0,4891.0,4894.0,4913.0,4882.0,4859.0,4714.0,4860.0,4864.0,4771.0,4860.0,4861.0,4885.0,4904.0,4811.0,4889.0,4850.0,4901.0,4819.0,4830.0,4920.0,4846.0,4828.0,4839.0,4826.0,4831.0,4937.0,4857.0,4797.0,4853.0,4698.0,4871.0,4843.0,4922.0,4921.0,4843.0,4754.0,4877.0,4856.0,4840.0,4834.0,4841.0,4823.0,4896.0,4894.0,4862.0,4880.0,4898.0,4844.0,4749.0,4887.0,4838.0,4892.0,4904.0
4811.0,4822.0,4741.0,4864.0,4779.0,4948.0,4793.0,4862.0,4922.0,4868.0,4787.0,4796.0,4897.0,4927.0,4925.0,0.0,4852.0,4811.0,4804.0,4845.0,4835.0,4834.0,4915.0,4795.0,4821.0,4800.0,4830.0,4878.0,4839.0,4884.0,4904.0,4806.0,4930.0,4811.0,4784.0,4876.0,4910.0,4919.0,4880.0,5025.0,4833.0,4906.0,4922.0,4833.0,4921.0,4904.0,4884.0,4926.0,4860.0,4883.0,4922.0,4828.0,4781.0,4859.0,4799.0,4767.0,4922.0,4862.0,4816.0,4949.0,4862.0,4852.0,4869.0,4894.0,4816.0,4837.0,4933.0,4903.0,4857.0,4801.0,4861.0,4845.0,4951.0,4841.0,4794.0,4891.0,4743.0,4921.0,4870.0,4877.0,4883.0,4851.0,4769.0,4802.0,4932.0,4743.0,4829.0,4810.0,4830.0,4865.0,4939.0,4847.0,4900.0,4814.0,4863.0,4790.0,4854.0,4846.0,4881.0,4894.0
4832.0,4866.0,4845.0,4893.0,4784.0,4927.0,4804.0,4892.0,4967.0,4870.0,4830.0,4825.0,4924.0,4885.0,4955.0,4852.0,0.0,4819.0,4861.0,4861.0,4899.0,4903.0,4899.0,4876.0,4867.0,4824.0,4851.0,4933.0,4907.0,4868.0,4899.0,4816.0,4969.0,4795.0,4815.0,4864.0,4899.0,4909.0,4910.0,5035.0,4904.0,4901.0,4907.0,4891.0,4956.0,4899.0,4879.0,4947.0,4866.0,4954.0,4989.0,4903.0,4776.0,4830.0,4890.0,4810.0,4882.0,4863.0,4837.0,4987.0,4879.0,4918.0,4909.0,4924.0,4904.0,4837.0,4983.0,4949.0,4878.0,4855.0,4894.0,4837.0,4933.0,4905.0,4799.0,4862.0,4791.0,4958.0,4911.0,4972.0,4907.0,4837.0,4771.0,4861.0,4953.0,4780.0,4831.0,4837.0,4911.0,4828.0,4941.0,4959.0,4860.0,4879.0,4895.0,4786.0,4928.0,4904.0,4895.0,4898.0
4751.0,4767.0,4715.0,4819.0,4691.0,4856.0,4760.0,4764.0,4860.0,4809.0,4780.0,4779.0,4829.0,4848.0,4871.0,4811.0,4819.0,0.0,4770.0,4739.0,4805.0,4804.0,4884.0,4723.0,4785.0,4760.0,4804.0,4818.0,4809.0,4798.0,4792.0,4715.0,4853.0,4722.0,4724.0,4786.0,4833.0,4776.0,4836.0,4904.0,4858.0,4821.0,4801.0,4820.0,4842.0,4821.0,4832.0,4875.0,4801.0,4808.0,4858.0,4769.0,4722.0,4767.0,4814.0,4721.0,4858.0,4843.0,4751.0,4856.0,4829.0,4809.0,4834.0,4811.0,4775.0,4778.0,4822.0,4836.0,4814.0,4783.0,4803.0,4818.0,4871.0,4758.0,4753.0,4801.0,4684.0,4847.0,4793.0,4852.0,4847.0,4765.0,4650.0,4769.0,4821.0,4735.0,4739.0,4725.0,4792.0,4750.0,4873.0,4877.0,4807.0,4737.0,4786.0,4748.0,4832.0,4793.0,4855.0,4842.0
4746.0,4709.0,4640.0,4750.0,4742.0,4896.0,4722.0,4796.0,4806.0,4791.0,4794.0,4743.0,4819.0,4775.0,4860.0,4804.0,4861.0,4770.0,0.0,4703.0,4828.0,4718.0,4861.0,4702.0,4762.0,4719.0,4790.0,4815.0,4789.0,4719.0,4791.0,4686.0,4838.0,4724.0,4756.0,4721.0,4850.0,4777.0,4764.0,4909.0,4857.0,4777.0,4829.0,4753.0,4778.0,4792.0,4841.0,4850.0,4823.0,4804.0,4849.0,4750.0,4689.0,4776.0,4753.0,4792.0,4785.0,4776.0,4811.0,4868.0,4833.0,4841.0,4785.0,4736.0,4766.0,4751.0,4820.0,4775.0,4704.0,4757.0,4763.0,4764.0,4827.0,4774.0,4700.0,4803.0,4681.0,4836.0,4750.0,4808.0,4828.0,4737.0,4711.0,4766.0,4824.0,4797.0,4722.0,4781.0,4763.0,4754.0,4871.0,4854.0,4801.0,4806.0,4750.0,4785.0,4757.0,4730.0,4838.0,4830.0
4781.0,4756.0,4688.0,4849.0,4688.0,4872.0,4733.0,4829.0,4804.0,4809.0,4810.0,4683.0,4770.0,4696.0,4771.0,4845.0,4861.0,4739.0,4703.0,0.0,4756.0,4716.0,4878.0,4776.0,4797.0,4659.0,4748.0,4835.0,4767.0,4720.0,4785.0,4682.0,4902.0,4677.0,4755.0,4712.0,4816.0,4733.0,4710.0,4949.0,4828.0,4763.0,4836.0,4721.0,4790.0,4765.0,4776.0,4829.0,4804.0,4762.0,4820.0,4781.0,4672.0,4766.0,4838.0,4772.0,4820.0,4762.0,4853.0,4842.0,4809.0,4827.0,4783.0,4754.0,4759.0,4794.0,4813.0,4790.0,4793.0,4766.0,4789.0,4762.0,4832.0,4812.0,4691.0,4745.0,4635.0,4864.0,4782.0,4838.0,4817.0,4719.0,4701.0,4811.0,4851.0,4748.0,4757.0,4724.0,4769.0,4802.0,4794.0,4846.0,4823.0,4814.0,4741.0,4751.0,4805.0,4751.0,4819.0,4819.0
4817.0,4846.0,4755.0,4863.0,4764.0,4891.0,4795.0,4892.0,4911.0,4833.0,4840.0,4776.0,4866.0,4840.0,4840.0,4835.0,4899.0,4805.0,4828.0,4756.0,0.0,4810.0,4903.0,4838.0,4849.0,4794.0,4840.0,4878.0,4848.0,4804.0,4833.0,4817.0,4948.0,4749.0,4843.0,4796.0,4866.0,4812.0,4815.0,5011.0,4894.0,4831.0,4898.0,4828.0,4894.0,4896.0,4889.0,4910.0,4851.0,4894.0,4909.0,4841.0,4769.0,4869.0,4884.0,4773.0,4902.0,4836.0,4854.0,4910.0,4862.0,4833.0,4874.0,4882.0,4780.0,4774.0,4912.0,4882.0,4857.0,4836.0,4843.0,4826.0,4923.0,4870.0,4813.0,4816.0,4730.0,4886.0,4826.0,4936.0,4904.0,4821.0,4746.0,4849.0,4862.0,4771.0,4820.0,4804.0,4832.0,4843.0,4932.0,4879.0,4932.0,4885.0,4807.0,4757.0,4867.0,4843.0,4911.0,4872.0
4776.0,4777.0,4682.0,4864.0,4705.0,4882.0,4698.0,4788.0,4802.0,4830.0,4759.0,4749.0,4769.0,4752.0,4833.0,4834.0,4903.0,4804.0,4718.0,4716.0,4810.0,0.0,4860.0,4751.0,4756.0,4717.0,4740.0,4783.0,4822.0,4742.0,4759.0,4683.0,4891.0,4755.0,4782.0,4734.0,4877.0,4776.0,4735.0,4883.0,4800.0,4806.0,4849.0,4793.0,4775.0,4807.0,4773.0,4819.0,4822.0,4853.0,4849.0,4786.0,4700.0,4759.0,4760.0,4737.0,4786.0,4769.0,4819.0,4855.0,4806.0,4810.0,4777.0,4830.0,4785.0,4791.0,4861.0,4814.0,4701.0,4801.0,4759.0,4787.0,4792.0,4803.0,4751.0,4780.0,4654.0,4882.0,4792.0,4802.0,4771.0,4797.0,4698.0,4746.0,4828.0,4763.0,4785.0,4758.0,4792.0,4791.0,4874.0,4765.0,4845.0,4807.0,4762.0,4728.0,4774.0,4748.0,4815.0,4783.0
4872.0,4858.0,4853.0,4963.0,4805.0,4836.0,4808.0,4873.0,4885.0,4940.0,4902.0,4831.0,4891.0,4886.0,4941.0,4915.0,4899.0,4884.0,4861.0,4878.0,4903.0,4860.0,0.0,4808.0,4860.0,4806.0,4761.0,4910.0,4916.0,4857.0,4840.0,4822.0,4993.0,4863.0,4832.0,4905.0,4913.0,4914.0,4833.0,4956.0,4915.0,4932.0,4906.0,4873.0,4860.0,4920.0,4892.0,4948.0,4936.0,4903.0,4955.0,4852.0,4694.0,4838.0,4855.0,4843.0,4898.0,4857.0,4894.0,4919.0,4824.0,4881.0,4890.0,4969.0,4858.0,4868.0,5001.0,4925.0,4890.0,4870.0,4876.0,4874.0,4948.0,4886.0,4797.0,4831.0,4774.0,4946.0,4871.0,4896.0,4926.0,4881.0,4746.0,4823.0,4877.0,4857.0,4844.0,4871.0,4923.0,4880.0,4882.0,4940.0,4927.0,4882.0,4890.0,4812.0,4890.0,4931.0,4917.0,4790.0
4749.0,4705.0,4700.0,4827.0,4673.0,4814.0,4742.0,4707.0,4802.0,4789.0,4780.0,4767.0,4758.0,4826.0,4809.0,4795.0,4876.0,4723.0,4702.0,4776.0,4838.0,4751.0,4808.0,0.0,4709.0,4672.0,4738.0,4725.0,4782.0,4767.0,4768.0,4694.0,4835.0,4759.0,4668.0,4757.0,4827.0,4782.0,4718.0,4877.0,4804.0,4800.0,4804.0,4806.0,4782.0,4806.0,4809.0,4855.0,4774.0,4822.0,4787.0,4735.0,4700.0,4717.0,4703.0,4743.0,4816.0,4766.0,4736.0,4864.0,4764.0,4777.0,4771.0,4800.0,4719.0,4736.0,4817.0,4791.0,4758.0,4740.0,4766.0,4797.0,4833.0,4733.0,4728.0,4793.0,4635.0,4802.0,4738.0,4788.0,4751.0,4792.0,4655.0,4702.0,4833.0,4749.0,4674.0,4721.0,4704.0,4790.0,4836.0,4781.0,4834.0,4790.0,4773.0,4706.0,4727.0,4757.0,4788.0,4773.0
4778.0,4766.0,4739.0,4853.0,4724.0,4887.0,4789.0,4793.0,4825.0,4798.0,4802.0,4778.0,4794.0,4785.0,4851.0,4821.0,4867.0,4785.0,4762.0,4797.0,4849.0,4756.0,4860.0,4709.0,0.0,4713.0,4745.0,4815.0,4777.0,4805.0,4813.0,4771.0,4876.0,4720.0,4746.0,4757.0,4853.0,4846.0,4737.0,4843.0,4826.0,4834.0,4831.0,4788.0,4829.0,4881.0,4802.0,4854.0,4825.0,4829.0,4843.0,4743.0,4680.0,4760.0,4778.0,4797.0,4797.0,4818.0,4808.0,4879.0,4775.0,4822.0,4783.0,4803.0,4772.0,4747.0,4871.0,4826.0,4741.0,4775.0,4775.0,4797.0,4874.0,4751.0,4730.0,4800.0,4703.0,4791.0,4779.0,4749.0,4839.0,4829.0,4678.0,4732.0,4870.0,4824.0,4761.0,4760.0,4747.0,4819.0,4849.0,4824.0,4849.0,4834.0,4753.0,4716.0,4754.0,4791.0,4853.0,4785.0
4754.0,4688.0,4674.0,4774.0,4610.0,4798.0,4697.0,4785.0,4774.0,4683.0,4779.0,4733.0,4780.0,4757.0,4707.0,4800.0,4824.0,4760.0,4719.0,4659.0,4794.0,4717.0,4806.0,4672.0,4713.0,0.0,4732.0,4764.0,4756.0,4691.0,4766.0,4661.0,4825.0,4711.0,4703.0,4675.0,4795.0,4691.0,4701.0,4866.0,4828.0,4725.0,4814.0,4742.0,4739.0,4763.0,4742.0,4785.0,4797.0,4800.0,4820.0,4711.0,4673.0,4748.0,4771.0,4703.0,4735.0,4718.0,4758.0,4818.0,4738.0,4755.0,4765.0,4774.0,4701.0,4754.0,4794.0,4746.0,4723.0,4708.0,4699.0,4717.0,4801.0,4709.0,4687.0,4716.0,4606.0,4766.0,4707.0,4801.0,4751.0,4720.0,4621.0,4734.0,4809.0,4730.0,4654.0,4717.0,4722.0,4756.0,4820.0,4758.0,4756.0,4771.0,4732.0,4659.0,4764.0,4717.0,4790.0,4801.0
4724.0,4782.0,4768.0,4879.0,4755.0,4809.0,4724.0,4785.0,4849.0,4806.0,4818.0,4756.0,4792.0,4797.0,4770.0,4830.0,4851.0,4804.0,4790.0,4748.0,4840.0,4740.0,4761.0,4738.0,4745.0,4732.0,0.0,4794.0,4816.0,4784.0,4765.0,4787.0,4883.0,4800.0,4774.0,4818.0,4878.0,4814.0,4750.0,4818.0,4854.0,4813.0,4794.0,4833.0,4776.0,4854.0,4841.0,4831.0,4815.0,4832.0,4867.0,4741.0,4660.0,4814.0,4788.0,4745.0,4805.0,4799.0,4798.0,4843.0,4691.0,4798.0,4775.0,4880.0,4749.0,4768.0,4883.0,4847.0,4800.0,4795.0,4750.0,4794.0,4881.0,4762.0,4712.0,4796.0,4669.0,4824.0,4771.0,4812.0,4824.0,4820.0,4704.0,4690.0,4805.0,4808.0,4786.0,4729.0,4824.0,4813.0,4830.0,4840.0,4839.0,4783.0,4809.0,4706.0,4726.0,4797.0,4753.0,4729.0
4813.0,4816.0,4725.0,4921.0,4723.0,4842.0,4755.0,4808.0,4834.0,4886.0,4836.0,4748.0,4801.0,4900.0,4914.0,4878.0,4933.0,4818.0,4815.0,4835.0,4878.0,4783.0,4910.0,4725.0,4815.0,4764.0,4794.0,0.0,4805.0,4849.0,4829.0,4787.0,4902.0,4850.0,4815.0,4828.0,4917.0,4868.0,4806.0,4895.0,4826.0,4847.0,4899.0,4847.0,4859.0,4869.0,4829.0,4871.0,4830.0,4879.0,4898.0,4774.0,4726.0,4863.0,4782.0,4780.0,4892.0,4809.0,4840.0,4941.0,4833.0,4800.0,4870.0,4824.0,4778.0,4833.0,4930.0,4870.0,4846.0,4772.0,4826.0,4843.0,4949.0,4849.0,4810.0,4851.0,4701.0,4892.0,4807.0,4871.0,4843.0,4835.0,4764.0,4790.0,4904.0,4868.0,4795.0,4829.0,4857.0,4857.0,4901.0,4877.0,4859.0,4817.0,4854.0,4785.0,4771.0,4857.0,4850.0,4832.0
4770.0,4767.0,4748.0,4880.0,4766.0,4901.0,4769.0,4808.0,4882.0,4798.0,4829.0,4768.0,4834.0,4873.0,4890.0,4839.0,4907.0,4809.0,4789.0,4767.0,4848.0,4822.0,4916.0,4782.0,4777.0,4756.0,4816.0,4805.0,0.0,4841.0,4838.0,4780.0,4945.0,4788.0,4765.0,4785.0,4873.0,4829.0,4794.0,4908.0,4849.0,4817.0,4946.0,4810.0,4877.0,4875.0,4853.0,4914.0,4856.0,4821.0,4903.0,4774.0,4736.0,4833.0,4784.0,4799.0,4855.0,4822.0,4812.0,4938.0,4840.0,4822.0,4797.0,4824.0,4729.0,4787.0,4917.0,4821.0,4867.0,4822.0,4817.0,4857.0,4936.0,4845.0,4756.0,4870.0,4720.0,4868.0,4816.0,4834.0,4833.0,4829.0,4713.0,4784.0,4873.0,4813.0,4758.0,4781.0,4819.0,4826.0,4909.0,4840.0,4860.0,4844.0,4822.0,4828.0,4784.0,4833.0,4864.0,4838.0
4784.0,4800.0,4668.0,4856.0,4692.0,4824.0,4696.0,4834.0,4844.0,4783.0,4783.0,4697.0,4820.0,4790.0,4795.0,4884.0,4868.0,4798.0,4719.0,4720.0,4804.0,4742.0,4857.0,4767.0,4805.0,4691.0,4784.0,4849.0,4841.0,0.0,4809.0,4727.0,4831.0,4748.0,4780.0,4766.0,4813.0,4735.0,4766.0,4948.0,4835.0,4780.0,4873.0,4747.0,4763.0,4791.0,4792.0,4837.0,4811.0,4826.0,4831.0,4820.0,4656.0,4724.0,4835.0,4753.0,4823.0,4787.0,4811.0,4812.0,4771.0,4832.0,4788.0,4784.0,4745.0,4752.0,4874.0,4836.0,4779.0,4772.0,4739.0,4790.0,4843.0,4835.0,4689.0,4778.0,4641.0,4847.0,4784.0,4846.0,4813.0,4766.0,4685.0,4805.0,4830.0,4793.0,4780.0,4775.0,4796.0,4781.0,4889.0,4839.0,4824.0,4798.0,4706.0,4759.0,4833.0,4760.0,4885.0,4835.0
4813.0,4818.0,4704.0,4890.0,4774.0,4858.0,4758.0,4825.0,4875.0,4859.0,4800.0,4781.0,4808.0,4841.0,4826.0,4904.0,4899.0,4792.0,4791.0,4785.0,4833.0,4759.0,4840.0,4768.0,4813.0,4766.0,4765.0,4829.0,4838.0,4809.0,0.0,4733.0,4921.0,4805.0,4790.0,4825.0,4881.0,4790.0,4807.0,4898.0,4884.0,4818.0,4800.0,4789.0,4792.0,4849.0,4895.0,4876.0,4865.0,4898.0,4910.0,4796.0,4680.0,4786.0,4818.0,4768.0,4794.0,4794.0,4831.0,4857.0,4779.0,4794.0,4815.0,4807.0,4739.0,4783.0,4846.0,4784.0,4770.0,4825.0,4765.0,4801.0,4866.0,4806.0,4751.0,4791.0,4665.0,4881.0,4815.0,4883.0,4863.0,4785.0,4628.0,4720.0,4839.0,4808.0,4779.0,4744.0,4828.0,4801.0,4814.0,4896.0,4888.0,4849.0,4796.0,4753.0,4827.0,4814.0,4864.0,4773.0
4714.0,4726.0,4641.0,4818.0,4674.0,4833.0,4715.0,4821.0,4756.0,4776.0,4757.0,4700.0,4731.0,4732.0,4774.0,4806.0,4816.0,4715.0,4686.0,4682.0,4817.0,4683.0,4822.0,4694.0,4771.0,4661.0,4787.0,4787.0,4780.0,4727.0,4733.0,0.0,4847.0,4707.0,4695.0,4692.0,4820.0,4785.0,4727.0,4869.0,4849.0,4752.0,4808.0,4708.0,4738.0,4746.0,4806.0,4795.0,4797.0,4788.0,4749.0,4728.0,4680.0,4704.0,4764.0,4701.0,4755.0,4750.0,4785.0,4827.0,4791.0,4815.0,4730.0,4742.0,4743.0,4762.0,4800.0,4773.0,4712.0,4692.0,4763.0,4800.0,4774.0,4725.0,4715.0,4783.0,4673.0,4798.0,4773.0,4798.0,4749.0,4740.0,4675.0,4740.0,4853.0,4728.0,4697.0,4733.0,4692.0,4770.0,4841.0,4839.0,4789.0,4759.0,4698.0,4719.0,4744.0,4653.0,4777.0,4809.0
4941.0,4867.0,4797.0,4943.0,4812.0,4954.0,4833.0,4875.0,4983.0,4875.0,4869.0,4898.0,4928.0,4925.0,4915.0,4930.0,4969.0,4853.0,4838.0,4902.0,4948.0,4891.0,4993.0,4835.0,4876.0,4825.0,4883.0,4902.0,4945.0,4831.0,4921.0,4847.0,0.0,4788.0,4834.0,4871.0,5000.0,4925.0,4895.0,4990.0,4949.0,4910.0,4952.0,4857.0,4942.0,4925.0,4864.0,4916.0,4936.0,4983.0,4957.0,4887.0,4811.0,4866.0,4877.0,4801.0,4918.0,4920.0,4891.0,4962.0,4892.0,4957.0,4937.0,4904.0,4871.0,4906.0,4986.0,4926.0,4870.0,4912.0,4840.0,4891.0,4990.0,4933.0,4822.0,4920.0,4720.0,4893.0,4864.0,4957.0,4931.0,4897.0,4776.0,4891.0,4873.0,4874.0,4888.0,4866.0,4858.0,4916.0,5021.0,4937.0,4933.0,4860.0,4953.0,4821.0,4900.0,4865.0,4966.0,4923.0
4813.0,4716.0,4652.0,4771.0,4699.0,4880.0,4712.0,4825.0,4837.0,4765.0,4799.0,4721.0,4837.0,4741.0,4837.0,4811.0,4795.0,4722.0,4724.0,4677.0,4749.0,4755.0,4863.0,4759.0,4720.0,4711.0,4800.0,4850.0,4788.0,4748.0,4805.0,4707.0,4788.0,0.0,4745.0,4732.0,4779.0,4783.0,4772.0,4903.0,4756.0,4802.0,4814.0,4708.0,4805.0,4845.0,4758.0,4837.0,4818.0,4815.0,4815.0,4789.0,4691.0,4751.0,4795.0,4736.0,4777.0,4801.0,4797.0,4860.0,4829.0,4797.0,4824.0,4779.0,4758.0,4755.0,4844.0,4798.0,4721.0,4776.0,4752.0,4765.0,4835.0,4754.0,4722.0,4799.0,4652.0,4863.0,4760.0,4835.0,4824.0,4757.0,4685.0,4759.0,4804.0,4707.0,4781.0,4743.0,4741.0,4729.0,4846.0,4798.0,4842.0,4824.0,4783.0,4695.0,4777.0,4750.0,4848.0,4762.0
4782.0,4692.0,4707.0,4800.0,4718.0,4832.0,4734.0,4774.0,4816.0,4781.0,4761.0,4735.0,4778.0,4781.0,4826.0,4784.0,4815.0,4724.0,4756.0,4755.0,4843.0,4782.0,4832.0,4668.0,4746.0,4703.0,4774.0,4815.0,4765.0,4780.0,4790.0,4695.0,4834.0,4745.0,0.0,4779.0,4814.0,4819.0,4766.0,4919.0,4785.0,4812.0,4787.0,4752.0,4797.0,4818.0,4771.0,4841.0,4783.0,4777.0,4832.0,4744.0,4682.0,4756.0,4780.0,4726.0,4842.0,4809.0,4729.0,4891.0,4777.0,4797.0,4747.0,4801.0,4717.0,4746.0,4812.0,4821.0,4762.0,4733.0,4765.0,4795.0,4878.0,4769.0,4685.0,4788.0,4623.0,4841.0,4740.0,4789.0,4820.0,4790.0,4694.0,4750.0,4809.0,4710.0,4730.0,4714.0,4747.0,4783.0,4841.0,4831.0,4817.0,4722.0,4813.0,4715.0,4787.0,4805.0,4755.0,4802.0
4783.0,4780.0,4716.0,4841.0,4676.0,4837.0,4728.0,4839.0,4817.0,4800.0,4794.0,4753.0,4828.0,4761.0,4834.0,4876.0,4864.0,4786.0,4721.0,4712.0,4796.0,4734.0,4905.0,4757.0,4757.0,4675.0,4818.0,4828.0,4785.0,4766.0,4825.0,4692.0,4871.0,4732.0,4779.0,0.0,4875.0,4746.0,4776.0,4919.0,4877.0,4764.0,4848.0,4792.0,4777.0,4852.0,4848.0,4846.0,4815.0,4837.0,4848.0,4731.0,4720.0,4806.0,4776.0,4785.0,4774.0,4789.0,4818.0,4885.0,4828.0,4836.0,4750.0,4768.0,4706.0,4776.0,4829.0,4770.0,4760.0,4745.0,4784.0,4798.0,4830.0,4803.0,4711.0,4807.0,4642.0,4852.0,4789.0,4830.0,4794.0,4735.0,4700.0,4788.0,4825.0,4814.0,4729.0,4788.0,4784.0,4780.0,4875.0,4866.0,4813.0,4843.0,4750.0,4806.0,4776.0,4718.0,4897.0,4875.0
4842.0,4848.0,4808.0,4959.0,4773.0,4959.0,4807.0,4909.0,4921.0,4818.0,4879.0,4833.0,4933.0,4884.0,4974.0,4910.0,4899.0,4833.0,4850.0,4816.0,4866.0,4877.0,4913.0,4827.0,4853.0,4795.0,4878.0,4917.0,4873.0,4813.0,4881.0,4820.0,5000.0,4779.0,4814.0,4875.0,0.0,4915.0,4888.0,5000.0,4916.0,4831.0,4921.0,4846.0,4843.0,4901.0,4883.0,4984.0,4903.0,4864.0,4907.0,4878.0,4814.0,4788.0,4933.0,4846.0,4924.0,4835.0,4870.0,4943.0,4899.0,4909.0,4921.0,4890.0,4830.0,4876.0,4963.0,4912.0,4848.0,4840.0,4866.0,4868.0,4942.0,4884.0,4764.0,4840.0,4779.0,4958.0,4856.0,4940.0,4864.0,4811.0,4701.0,4851.0,4955.0,4835.0,4830.0,4816.0,4906.0,4847.0,4920.0,4942.0,4880.0,4860.0,4837.0,4779.0,4871.0,4855.0,4934.0,4899.0
4849.0,4806.0,4739.0,4864.0,4726.0,4853.0,4748.0,4869.0,4850.0,4846.0,4833.0,4788.0,4886.0,4789.0,4834.0,4919.0,4909.0,4776.0,4777.0,4733.0,4812.0,4776.0,4914.0,4782.0,4846.0,4691.0,4814.0,4868.0,4829.0,4735.0,4790.0,4785.0,4925.0,4783.0,4819.0,4746.0,4915.0,0.0,4802.0,4978.0,4906.0,4781.0,4876.0,4812.0,4797.0,4864.0,4877.0,4899.0,4863.0,4864.0,4888.0,4824.0,4732.0,4773.0,4836.0,4826.0,4828.0,4853.0,4858.0,4864.0,4843.0,4874.0,4844.0,4797.0,4783.0,4848.0,4877.0,4821.0,4816.0,4813.0,4814.0,4820.0,4882.0,4861.0,4763.0,4858.0,4714.0,4871.0,4797.0,4901.0,4857.0,4784.0,4704.0,4810.0,4878.0,4822.0,4828.0,4795.0,4830.0,4781.0,4892.0,4910.0,4926.0,4882.0,4805.0,4802.0,4829.0,4752.0,4913.0,4871.0
4814.0,4740.0,4738.0,4892.0,4703.0,4845.0,4757.0,4828.0,4859.0,4772.0,4794.0,4754.0,4758.0,4794.0,4859.0,4880.0,4910.0,4836.0,4764.0,4710.0,4815.0,4735.0,4833.0,4718.0,4737.0,4701.0,4750.0,4806.0,4794.0,4766.0,4807.0,4727.0,4895.0,4772.0,4766.0,4776.0,4888.0,4802.0,0.0,4895.0,4827.0,4798.0,4867.0,4782.0,4802.0,4868.0,4765.0,4871.0,4837.0,4794.0,4817.0,4753.0,4684.0,4805.0,4810.0,4787.0,4838.0,4814.0,4813.0,4884.0,4802.0,4782.0,4774.0,4838.0,4715.0,4758.0,4886.0,4802.0,4736.0,4780.0,4729.0,4810.0,4850.0,4773.0,4737.0,4789.0,4696.0,4812.0,4760.0,4798.0,4809.0,4821.0,4698.0,4772.0,4854.0,4789.0,4776.0,4794.0,4783.0,4782.0,4828.0,4848.0,4853.0,4842.0,4775.0,4773.0,4721.0,4774.0,4838.0,4772.0
4875.0,4889.0,4874.0,5034.0,4873.0,4967.0,4860.0,4927.0,4952.0,4927.0,4975.0,4902.0,4868.0,4963.0,4965.0,5025.0,5035.0,4904.0,4909.0,4949.0,5011.0,4883.0,4956.0,4877.0,4843.0,4866.0,4818.0,4895.0,4908.0,4948.0,4898.0,4869.0,4990.0,4903.0,4919.0,4919.0,5000.0,4978.0,4895.0,0.0,4976.0,4923.0,4977.0,4938.0,4974.0,4998.0,4951.0,5004.0,4996.0,4951.0,5007.0,4796.0,4790.0,4977.0,4898.0,4923.0,4896.0,4958.0,4914.0,5006.0,4874.0,4931.0,4941.0,4947.0,4883.0,4873.0,4981.0,4938.0,4893.0,4913.0,4886.0,4971.0,4994.0,4907.0,4869.0,4889.0,4783.0,4944.0,4900.0,4939.0,4934.0,4931.0,4738.0,4822.0,4963.0,4972.0,4901.0,4920.0,4951.0,4940.0,4942.0,4972.0,4953.0,4933.0,4945.0,4887.0,4880.0,4927.0,4964.0,4902.0
4820.0,4821.0,4807.0,4939.0,4789.0,4934.0,4799.0,4885.0,4913.0,4888.0,4853.0,4810.0,4820.0,4901.0,4932.0,4833.0,4904.0,4858.0,4857.0,4828.0,4894.0,4800.0,4915.0,4804.0,4826.0,4828.0,4854.0,4826.0,4849.0,4835.0,4884.0,4849.0,4949.0,4756.0,4785.0,4877.0,4916.0,4906.0,4827.0,4976.0,0.0,4885.0,4951.0,4830.0,4898.0,4931.0,4850.0,4931.0,4894.0,4902.0,4908.0,4839.0,4757.0,4828.0,4841.0,4815.0,4846.0,4852.0,4849.0,4972.0,4852.0,4834.0,4847.0,4860.0,4798.0,4792.0,4928.0,4888.0,4863.0,4813.0,4884.0,4872.0,4939.0,4846.0,4829.0,4865.0,4780.0,4942.0,4873.0,4907.0,4838.0,4872.0,4798.0,4799.0,4916.0,4836.0,4819.0,4851.0,4832.0,4882.0,4915.0,4912.0,4860.0,4907.0,4876.0,4817.0,4834.0,4914.0,4897.0,4852.0
4809.0,4789.0,4767.0,4884.0,4695.0,4845.0,4746.0,4871.0,4870.0,4801.0,4858.0,4760.0,4850.0,4850.0,4874.0,4906.0,4901.0,4821.0,4777.0,4763.0,4831.0,4806.0,4932.0,4800.0,4834.0,4725.0,4813.0,4847.0,4817.0,4780.0,4818.0,4752.0,4910.0,4802.0,4812.0,4764.0,4831.0,4781.0,4798.0,4923.0,4885.0,0.0,4844.0,4792.0,4828.0,4839.0,4857.0,4879.0,4862.0,4829.0,4856.0,4838.0,4722.0,4770.0,4858.0,4833.0,4848.0,4801.0,4851.0,4934.0,4864.0,4863.0,4793.0,4788.0,4785.0,4840.0,4881.0,4821.0,4787.0,4742.0,4788.0,4830.0,4879.0,4846.0,4750.0,4762.0,4676.0,4848.0,4791.0,4853.0,4856.0,4721.0,4748.0,4826.0,4867.0,4872.0,4749.0,4797.0,4819.0,4806.0,4946.0,4859.0,4875.0,4841.0,4794.0,4820.0,4775.0,4817.0,4896.0,4900.0
4858.0,4847.0,4797.0,4901.0,4779.0,4891.0,4825.0,4900.0,4894.0,4900.0,4874.0,4835.0,4898.0,4872.0,4900.0,4922.0,4907.0,4801.0,4829.0,4836.0,4898.0,4849.0,4906.0,4804.0,4831.0,4814.0,4794.0,4899.0,4946.0,4873.0,4800.0,4808.0,4952.0,4814.0,4787.0,4848.0,4921.0,4876.0,4867.0,4977.0,4951.0,4844.0,0.0,4881.0,4897.0,4901.0,4928.0,4935.0,4881.0,4932.0,4933.0,4864.0,4758.0,4832.0,4887.0,4798.0,4877.0,4869.0,4831.0,4930.0,4850.0,4913.0,4887.0,4916.0,4888.0,4902.0,4912.0,4881.0,4843.0,4872.0,4868.0,4842.0,4935.0,4842.0,4815.0,4847.0,4761.0,4916.0,4879.0,4957.0,4903.0,4817.0,4731.0,4847.0,4917.0,4801.0,4826.0,4811.0,4925.0,4826.0,4908.0,4923.0,4907.0,4892.0,4888.0,4801.0,4878.0,4895.0,4886.0,4871.0
4831.0,4725.0,4681.0,4836.0,4711.0,4842.0,4715.0,4839.0,4865.0,4783.0,4806.0,4767.0,4803.0,4754.0,4807.0,4833.0,4891.0,4820.0,4753.0,4721.0,4828.0,4793.0,4873.0,4806.0,4788.0,4742.0,4833.0,4847.0,4810.0,4747.0,4789.0,4708.0,4857.0,4708.0,4752.0,4792.0,4846.0,4812.0,4782.0,4938.0,4830.0,4792.0,4881.0,0.0,4735.0,4802.0,4812.0,4851.0,4862.0,4817.0,4792.0,4798.0,4693.0,4733.0,4837.0,4788.0,4825.0,4808.0,4838.0,4892.0,4828.0,4857.0,4781.0,4759.0,4712.0,4763.0,4878.0,4797.0,4789.0,4780.0,4778.0,4811.0,4853.0,4761.0,4753.0,4817.0,4690.0,4847.0,4765.0,4861.0,4807.0,4758.0,4725.0,4787.0,4853.0,4794.0,4766.0,4790.0,4795.0,4787.0,4845.0,4829.0,4832.0,4815.0,4776.0,4769.0,4818.0,4777.0,4880.0,4838.0
4821.0,4792.0,4753.0,4881.0,4701.0,4860.0,4755.0,4868.0,4873.0,4891.0,4820.0,4800.0,4853.0,4790.0,4871.0,4921.0,4956.0,4842.0,4778.0,4790.0,4894.0,4775.0,4860.0,4782.0,4829.0,4739.0,4776.0,4859.0,4877.0,4763.0,4792.0,4738.0,4942.0,4805.0,4797.0,4777.0,4843.0,4797.0,4802.0,4974.0,4898.0,4828.0,4897.0,4735.0,0.0,4831.0,4879.0,4852.0,4898.0,4863.0,4822.0,4825.0,4712.0,4793.0,4865.0,4793.0,4857.0,4815.0,4850.0,4899.0,4827.0,4871.0,4793.0,4849.0,4768.0,4817.0,4896.0,4858.0,4775.0,4804.0,4792.0,4828.0,4834.0,4774.0,4757.0,4855.0,4693.0,4876.0,4813.0,4839.0,4871.0,4798.0,4737.0,4804.0,4833.0,4840.0,4843.0,4762.0,4821.0,4816.0,4899.0,4919.0,4879.0,4838.0,4794.0,4775.0,4838.0,4821.0,4887.0,4882.0
4884.0,4819.0,4740.0,4876.0,4743.0,4890.0,4771.0,4873.0,4918.0,4872.0,4823.0,4793.0,4886.0,4828.0,4896.0,4904.0,4899.0,4821.0,4792.0,4765.0,4896.0,4807.0,4920.0,4806.0,4881.0,4763.0,4854.0,4869.0,4875.0,4791.0,4849.0,4746.0,4925.0,4845.0,4818.0,4852.0,4901.0,4864.0,4868.0,4998.0,4931.0,4839.0,4901.0,4802.0,4831.0,0.0,4868.0,4912.0,4898.0,4882.0,4914.0,4874.0,4764.0,4801.0,4886.0,4808.0,4910.0,4805.0,4844.0,4889.0,4856.0,4898.0,4851.0,4868.0,4830.0,4883.0,4918.0,4886.0,4875.0,4840.0,4828.0,4813.0,4854.0,4879.0,4733.0,4835.0,4740.0,4909.0,4809.0,4926.0,4849.0,4788.0,4741.0,4877.0,4881.0,4801.0,4825.0,4841.0,4893.0,4824.0,4946.0,4905.0,4895.0,4863.0,4855.0,4793.0,4868.0,4798.0,4883.0,4906.0
4864.0,4779.0,4768.0,4913.0,4798.0,4922.0,4741.0,4845.0,4924.0,4856.0,4794.0,4779.0,4808.0,4836.0,4907.0,4884.0,4879.0,4832.0,4841.0,4776.0,4889.0,4773.0,4892.0,4809.0,4802.0,4742.0,4841.0,4829.0,4853.0,4792.0,4895.0,4806.0,4864.0,4758.0,4771.0,4848.0,4883.0,4877.0,4765.0,4951.0,4850.0,4857.0,4928.0,4812.0,4879.0,4868.0,0.0,4888.0,4805.0,4849.0,4884.0,4829.0,4766.0,4825.0,4822.0,4822.0,4880.0,4861.0,4819.0,4924.0,4845.0,4825.0,4866.0,4860.0,4792.0,4787.0,4918.0,4897.0,4805.0,4834.0,4840.0,4764.0,4922.0,4865.0,4758.0,4798.0,4701.0,4893.0,4798.0,4895.0,4881.0,4840.0,4711.0,4830.0,4845.0,4783.0,4833.0,4793.0,4850.0,4855.0,4931.0,4851.0,4893.0,4868.0,4832.0,4806.0,4826.0,4861.0,4867.0,4827.0
4882.0,4889.0,4779.0,4945.0,4749.0,4877.0,4818.0,4906.0,4934.0,4890.0,4877.0,4848.0,4907.0,4875.0,4891.0,4926.0,4947.0,4875.0,4850.0,4829.0,4910.0,4819.0,4948.0,4855.0,4854.0,4785.0,4831.0,4871.0,4914.0,4837.0,4876.0,4795.0,4916.0,4837.0,4841.0,4846.0,4984.0,4899.0,4871.0,5004.0,4931.0,4879.0,4935.0,4851.0,4852.0,4912.0,4888.0,0.0,4894.0,4918.0,4937.0,4850.0,4722.0,4857.0,4888.0,4770.0,4890.0,4898.0,4903.0,4934.0,4860.0,4940.0,4880.0,4881.0,4845.0,4903.0,4918.0,4921.0,4829.0,4827.0,4828.0,4820.0,4922.0,4863.0,4780.0,4882.0,4692.0,4897.0,4856.0,4905.0,4897.0,4894.0,4794.0,4852.0,4871.0,4863.0,4865.0,4881.0,4856.0,4883.0,4971.0,4921.0,4928.0,4881.0,4882.0,4833.0,4861.0,4850.0,4861.0,4859.0
4834.0,4800.0,4758.0,4894.0,4721.0,4825.0,4748.0,4848.0,4893.0,4878.0,4743.0,4719.0,4828.0,4896.0,4894.0,4860.0,4866.0,4801.0,4823.0,4804.0,4851.0,4822.0,4936.0,4774.0,4825.0,4797.0,4815.0,4830.0,4856.0,4811.0,4865.0,4797.0,4936.0,4818.0,4783.0,4815.0,4903.0,4863.0,4837.0,4996.0,4894.0,4862.0,4881.0,4862.0,4898.0,4898.0,4805.0,4894.0,0.0,4840.0,4882.0,4840.0,4734.0,4819.0,4859.0,4815.0,4913.0,4884.0,4814.0,4941.0,4816.0,4865.0,4822.0,4871.0,4781.0,4818.0,4906.0,4932.0,4858.0,4805.0,4818.0,4822.0,4926.0,4856.0,4730.0,4840.0,4698.0,4887.0,4836.0,4881.0,4874.0,4850.0,4764.0,4833.0,4847.0,4740.0,4833.0,4778.0,4812.0,4824.0,4923.0,4869.0,4861.0,4828.0,4837.0,4783.0,4819.0,4877.0,4847.0,4877.0
4834.0,4752.0,4745.0,4901.0,4781.0,4910.0,4766.0,4891.0,4888.0,4878.0,4822.0,4743.0,4840.0,4874.0,4913.0,4883.0,4954.0,4808.0,4804.0,4762.0,4894.0,4853.0,4903.0,4822.0,4829.0,4800.0,4832.0,4879.0,4821.0,4826.0,4898.0,4788.0,4983.0,4815.0,4777.0,4837.0,4864.0,4864.0,4794.0,4951.0,4902.0,4829.0,4932.0,4817.0,4863.0,4882.0,4849.0,4918.0,4840.0,0.0,4906.0,4819.0,4762.0,4837.0,4824.0,4832.0,4907.0,4835.0,4854.0,4968.0,4878.0,4839.0,4840.0,4843.0,4773.0,4834.0,4949.0,4818.0,4861.0,4786.0,4871.0,4854.0,4934.0,4854.0,4730.0,4865.0,4715.0,4918.0,4808.0,4867.0,4846.0,4816.0,4737.0,4834.0,4915.0,4856.0,4818.0,4823.0,4818.0,4834.0,4896.0,4907.0,4895.0,4871.0,4849.0,4813.0,4809.0,4844.0,4890.0,4902.0
4864.0,4857.0,4759.0,4946.0,4736.0,4900.0,4792.0,4883.0,4964.0,4885.0,4830.0,4798.0,4873.0,4852.0,4882.0,4922.0,4989.0,4858.0,4849.0,4820.0,4909.0,4849.0,4955.0,4787.0,4843.0,4820.0,4867.0,4898.0,4903.0,4831.0,4910.0,4749.0,4957.0,4815.0,4832.0,4848.0,4907.0,4888.0,4817.0,5007.0,4908.0,4856.0,4933.0,4792.0,4822.0,4914.0,4884.0,4937.0,4882.0,4906.0,0.0,4853.0,4792.0,4853.0,4905.0,4838.0,4925.0,4882.0,4879.0,4955.0,4874.0,4861.0,4854.0,4860.0,4841.0,4890.0,4955.0,4912.0,4800.0,4821.0,4815.0,4858.0,4946.0,4840.0,4789.0,4897.0,4774.0,4932.0,4858.0,4884.0,4895.0,4828.0,4815.0,4886.0,4940.0,4893.0,4834.0,4880.0,4820.0,4857.0,4967.0,4929.0,4864.0,4886.0,4843.0,4855.0,4858.0,4855.0,4885.0,4930.0
4776.0,4760.0,4745.0,4881.0,4751.0,4802.0,4762.0,4801.0,4833.0,4794.0,4805.0,4757.0,4813.0,4805.0,4859.0,4828.0,4903.0,4769.0,4750.0,4781.0,4841.0,4786.0,4852.0,4735.0,4743.0,4711.0,4741.0,4774.0,4774.0,4820.0,4796.0,4728.0,4887.0,4789.0,4744.0,4731.0,4878.0,4824.0,4753.0,4796.0,4839.0,4838.0,4864.0,4798.0,4825.0,4874.0,4829.0,4850.0,4840.0,4819.0,4853.0,0.0,4642.0,4796.0,4778.0,4773.0,4842.0,4796.0,4759.0,4896.0,4731.0,4828.0,4744.0,4795.0,4721.0,4798.0,4895.0,4792.0,4771.0,4745.0,4782.0,4827.0,4885.0,4767.0,4718.0,4787.0,4651.0,4793.0,4800.0,4789.0,4822.0,4789.0,4664.0,4735.0,4839.0,4825.0,4735.0,4778.0,4798.0,4840.0,4845.0,4850.0,4811.0,4804.0,4776.0,4781.0,4758.0,4778.0,4822.0,4779.0
4679.0,4704.0,4674.0,4776.0,4649.0,4718.0,4648.0,4752.0,4771.0,4739.0,4721.0,4703.0,4735.0,4728.0,4714.0,4781.0,4776.0,4722.0,4689.0,4672.0,4769.0,4700.0,4694.0,4700.0,4680.0,4673.0,4660.0,4726.0,4736.0,4656.0,4680.0,4680.0,4811.0,4691.0,4682.0,4720.0,4814.0,4732.0,4684.0,4790.0,4757.0,4722.0,4758.0,4693.0,4712.0,4764.0,4766.0,4722.0,4734.0,4762.0,4792.0,4642.0,0.0,4667.0,4723.0,4661.0,4758.0,4714.0,4707.0,4821.0,4602.0,4728.0,4713.0,4688.0,4681.0,4735.0,4801.0,4733.0,4711.0,4675.0,4682.0,4713.0,4788.0,4726.0,4613.0,4655.0,4541.0,4723.0,4696.0,4714.0,4758.0,4718.0,4606.0,4708.0,4736.0,4732.0,4699.0,4672.0,4705.0,4722.0,4759.0,4771.0,4723.0,4674.0,4702.0,4641.0,4715.0,4731.0,4719.0,4658.0
4806.0,4792.0,4730.0,4857.0,4705.0,4828.0,4752.0,4801.0,4796.0,4830.0,4741.0,4751.0,4813.0,4766.0,4860.0,4859.0,4830.0,4767.0,4776.0,4766.0,4869.0,4759.0,4838.0,4717.0,4760.0,4748.0,4814.0,4863.0,4833.0,4724.0,4786.0,4704.0,4866.0,4751.0,4756.0,4806.0,4788.0,4773.0,4805.0,4977.0,4828.0,4770.0,4832.0,4733.0,4793.0,4801.0,4825.0,4857.0,4819.0,4837.0,4853.0,4796.0,4667.0,0.0,4839.0,4726.0,4836.0,4767.0,4777.0,4852.0,4795.0,4852.0,4807.0,4818.0,4808.0,4796.0,4851.0,4810.0,4764.0,4777.0,4792.0,4773.0,4792.0,4809.0,4687.0,4819.0,4659.0,4871.0,4805.0,4852.0,4818.0,4767.0,4676.0,4797.0,4849.0,4770.0,4741.0,4689.0,4812.0,4774.0,4860.0,4872.0,4787.0,4801.0,4735.0,4687.0,4829.0,4743.0,4861.0,4811.0
4795.0,4715.0,4727.0,4905.0,4726.0,4893.0,4803.0,4799.0,4858.0,4840.0,4804.0,4772.0,4862.0,4883.0,4864.0,4799.0,4890.0,4814.0,4753.0,4838.0,4884.0,4760.0,4855.0,4703.0,4778.0,4771.0,4788.0,4782.0,4784.0,4835.0,4818.0,4764.0,4877.0,4795.0,4780.0,4776.0,4933.0,4836.0,4810.0,4898.0,4841.0,4858.0,4887.0,4837.0,4865.0,4886.0,4822.0,4888.0,4859.0,4824.0,4905.0,4778.0,4723.0,4839.0,0.0,4761.0,4797.0,4858.0,4825.0,4958.0,4846.0,4831.0,4815.0,4831.0,4729.0,4760.0,4906.0,4839.0,4781.0,4753.0,4839.0,4845.0,4894.0,4802.0,4747.0,4819.0,4676.0,4862.0,4796.0,4826.0,4846.0,4839.0,4746.0,4758.0,4863.0,4835.0,4809.0,4806.0,4767.0,4820.0,4900.0,4815.0,4890.0,4813.0,4855.0,4805.0,4726.0,4819.0,4844.0,4773.0
4745.0,4769.0,4691.0,4817.0,4681.0,4837.0,4747.0,4779.0,4847.0,4812.0,4737.0,4768.0,4854.0,4808.0,4771.0,4767.0,4810.0,4721.0,4792.0,4772.0,4773.0,4737.0,4843.0,4743.0,4797.0,4703.0,4745.0,4780.0,4799.0,4753.0,4768.0,4701.0,4801.0,4736.0,4726.0,4785.0,4846.0,4826.0,4787.0,4923.0,4815.0,4833.0,4798.0,4788.0,4793.0,4808.0,4822.0,4770.0,4815.0,4832.0,4838.0,4773.0,4661.0,4726.0,4761.0,0.0,4823.0,4781.0,4767.0,4825.0,4756.0,4766.0,4812.0,4840.0,4764.0,4747.0,4828.0,4816.0,4795.0,4766.0,4764.0,4747.0,4857.0,4767.0,4731.0,4811.0,4648.0,4858.0,4803.0,4829.0,4783.0,4783.0,4654.0,4705.0,4786.0,4664.0,4758.0,4696.0,4762.0,4757.0,4867.0,4744.0,4813.0,4752.0,4761.0,4694.0,4792.0,4773.0,4750.0,4771.0
